Symbol: Zero Size: 25 Character: 0
1234567890123456789012345

0000000000000000000000000
0                      00
0                     0 0
0                    0  0
0                   0   0
0                  0    0
0                 0     0
0                0      0
0               0       0
0              0        0
0             0         0
0            0          0
0           0           0
0          0            0
0         0             0
0        0              0
0       0               0
0      0                0
0     0                 0
0    0                  0
0   0                   0
0  0                    0
0 0                     0
00                      0
0000000000000000000000000
